GTS_name='Champion mod.';
GTS = 
[ 0.000 0.040 ;
0.050 0.132 ;
0.142 0.182 ;
0.192 0.303 ;
0.313 0.410 ;
0.421 0.493 ;
0.504 0.599 ;
0.609 0.662 ;
0.673 0.780 ;
0.845 0.855 ;
0.990 1.070 ;
1.185 1.195 ;
1.790 1.950 ;
2.600 3.040 ;
3.110 3.220 ];
