% SINT800
% sint-800 paleointensity of geomagnetic field compilation 
% from:
% Guyodo, Y. and J-P. Valet, Global changes in intensity of 
% the Earth's magnetic field  during the past 800 kyr, 
% Nature, 399, 249-252, 1999.
%
% vadm is in Am
% age is millions of years
%

%AGE(ka), # of CORES, SINT-800, STDERR(2 SIGMA),STDERR(1 SIGMA)
% VADM 10^22 Am^2 (Calib. 0-40 ka)	STD ERR. VADM;

sint800=[
2.0000	6.0000	1.0404	0.54767	0.25277	6.7014	1.8408;
3.0000	7.0000	1.1941	0.44341	0.20323	7.8205	1.4800;
4.0000	7.0000	1.2003	0.43393	0.19889	7.8662	1.4484;
5.0000	8.0000	1.1740	0.42783	0.19609	7.6745	1.4280;
6.0000	10.000	1.2500	0.34215	0.16364	8.2279	1.1917;
7.0000	11.000	1.2453	0.32244	0.16122	8.1939	1.1741;
8.0000	11.000	1.2143	0.28408	0.14204	7.9681	1.0344;
9.0000	13.000	1.2222	0.26160	0.13080	8.0253	0.95256;
10.000	15.000	1.1642	0.23375	0.12244	7.6032	0.89167;
11.000	16.000	1.2054	0.22911	0.12001	7.9030	0.87400;
12.000	17.000	1.1674	0.18930	0.099155	7.6264	0.72211;
13.000	17.000	1.1401	0.18708	0.097992	7.4274	0.71364;
14.000	21.000	1.0946	0.18059	0.094596	7.0964	0.68891;
15.000	22.000	1.0116	0.16792	0.087960	6.4922	0.64058;
16.000	22.000	0.99785	0.19081	0.099946	6.3917	0.72787;
17.000	23.000	0.97313	0.11679	0.061174	6.2116	0.44550;
18.000	24.000	1.0067	0.13400	0.070188	6.4564	0.51115;
19.000	24.000	0.99998	0.16230	0.085012	6.4072	0.61911;
20.000	24.000	0.98559	0.16867	0.088350	6.3024	0.64341;
21.000	24.000	0.98103	0.13533	0.070887	6.2691	0.51624;
22.000	24.000	0.90499	0.12178	0.063791	5.7154	0.46457;
23.000	25.000	0.88211	0.11263	0.058995	5.5488	0.42964;
24.000	26.000	0.87779	0.088853	0.046542	5.5174	0.33895;
25.000	26.000	0.94432	0.094826	0.049671	6.0018	0.36173;
26.000	26.000	0.89750	0.079780	0.041789	5.6608	0.30434;
27.000	26.000	0.85466	0.089152	0.046699	5.3489	0.34009;
28.000	26.000	0.77965	0.10023	0.052503	4.8026	0.38236;
29.000	26.000	0.79607	0.089574	0.046920	4.9222	0.34170;
30.000	26.000	0.84232	0.11888	0.062271	5.2590	0.45349;
31.000	26.000	0.82689	0.086183	0.045143	5.1466	0.32876;
32.000	26.000	0.80352	0.089244	0.046747	4.9765	0.34044;
33.000	27.000	0.81532	0.10322	0.054068	5.0624	0.39376;
34.000	27.000	0.77623	0.11330	0.059347	4.7777	0.43220;
35.000	27.000	0.72035	0.10221	0.053536	4.3708	0.38988;
36.000	27.000	0.61312	0.088411	0.046311	3.5898	0.33726;
37.000	27.000	0.51847	0.084797	0.044418	2.9006	0.32348;
38.000	27.000	0.51863	0.078338	0.041034	2.9017	0.29883;
39.000	27.000	0.59206	0.098547	0.051620	3.4365	0.37593;
40.000	27.000	0.55734	0.072239	0.037839	3.1836	0.27557;
41.000	28.000	0.54999	0.079327	0.041552	3.1301	0.30261;
42.000	28.000	0.62108	0.079098	0.041432	3.6478	0.30173;
43.000	28.000	0.68569	0.094006	0.049241	4.1183	0.35861;
44.000	28.000	0.73418	0.092772	0.048595	4.4715	0.35390;
45.000	28.000	0.77140	0.10697	0.056032	4.7426	0.40806;
46.000	28.000	0.85307	0.10680	0.055940	5.3373	0.40739;
47.000	28.000	0.93292	0.14541	0.076170	5.9188	0.55471;
48.000	28.000	0.98524	0.15278	0.080028	6.2998	0.58282;
49.000	28.000	1.0682	0.14051	0.073600	6.9037	0.53600;
50.000	28.000	1.1168	0.11173	0.058524	7.2578	0.42621;
51.000	28.000	1.2072	0.097938	0.051301	7.9159	0.37360;
52.000	28.000	1.2177	0.10868	0.056929	7.9931	0.41459;
53.000	28.000	1.1911	0.11468	0.060069	7.7989	0.43746;
54.000	28.000	1.1996	0.10046	0.052621	7.8606	0.38322;
55.000	28.000	1.2311	0.10820	0.056679	8.0905	0.41277;
56.000	28.000	1.2406	0.16838	0.088202	8.1596	0.64234;
57.000	27.000	1.1396	0.15693	0.082201	7.4236	0.59863;
58.000	27.000	1.0910	0.15567	0.081540	7.0703	0.59382;
59.000	27.000	1.0659	0.16310	0.085432	6.8869	0.62217;
60.000	27.000	0.98172	0.12982	0.068000	6.2742	0.49522;
61.000	27.000	0.90975	0.10732	0.056214	5.7501	0.40938;
62.000	27.000	0.85844	0.092127	0.048257	5.3764	0.35144;
63.000	26.000	0.88581	0.089627	0.046947	5.5757	0.34190;
64.000	26.000	0.80588	0.14068	0.073687	4.9936	0.53663;
65.000	26.000	0.81323	0.15039	0.078778	5.0472	0.57371;
66.000	26.000	0.80780	0.15383	0.080578	5.0076	0.58682;
67.000	26.000	0.82414	0.13847	0.072534	5.1266	0.52824;
68.000	26.000	0.85216	0.11632	0.060929	5.3307	0.44372;
69.000	26.000	0.87722	0.096612	0.050606	5.5132	0.36855;
70.000	26.000	0.91475	0.078782	0.041267	5.7865	0.30053;
71.000	26.000	0.96622	0.085519	0.044796	6.1614	0.32623;
72.000	26.000	1.0011	0.11966	0.062677	6.4152	0.45645;
73.000	26.000	0.96903	0.12645	0.066234	6.1818	0.48236;
74.000	26.000	0.88084	0.10766	0.056392	5.5396	0.41068;
75.000	26.000	0.92224	0.14109	0.073902	5.8410	0.53820;
76.000	26.000	0.93662	0.12569	0.065838	5.9458	0.47947;
77.000	26.000	0.98727	0.13653	0.071514	6.3147	0.52080;
78.000	26.000	0.95583	0.13489	0.070659	6.0856	0.51458;
79.000	26.000	1.0071	0.14363	0.075235	6.4590	0.54790;
80.000	26.000	1.0130	0.13311	0.069724	6.5020	0.50778;
81.000	26.000	0.97585	0.11761	0.061607	6.2315	0.44866;
82.000	26.000	0.98698	0.10941	0.057310	6.3125	0.41736;
83.000	26.000	0.92628	0.10345	0.054188	5.8705	0.39463;
84.000	26.000	0.91204	0.092088	0.048237	5.7668	0.35129;
85.000	26.000	0.99435	0.10062	0.052704	6.3662	0.38382;
86.000	26.000	1.0638	0.15228	0.079764	6.8718	0.58089;
87.000	26.000	0.95926	0.10832	0.056737	6.1107	0.41319;
88.000	26.000	0.89446	0.10024	0.052506	5.6387	0.38238;
89.000	26.000	0.90678	0.11830	0.061967	5.7285	0.45128;
90.000	26.000	0.90267	0.11491	0.060190	5.6985	0.43834;
91.000	26.000	0.89322	0.12590	0.065949	5.6297	0.48028;
92.000	26.000	0.84413	0.10618	0.055616	5.2722	0.40503;
93.000	26.000	0.79558	0.10270	0.053793	4.9186	0.39175;
94.000	26.000	0.74065	0.10926	0.057229	4.5186	0.41678;
95.000	26.000	0.71522	0.11535	0.060420	4.3334	0.44002;
96.000	26.000	0.69683	0.11302	0.059199	4.1995	0.43112;
97.000	26.000	0.66107	0.096165	0.050372	3.9391	0.36684;
98.000	26.000	0.61379	0.093713	0.049088	3.5947	0.35749;
99.000	26.000	0.59180	0.089427	0.046843	3.4346	0.34114;
100.00	27.000	0.60824	0.078237	0.040981	3.5543	0.29845;
101.00	27.000	0.63659	0.079934	0.041870	3.7608	0.30493;
102.00	26.000	0.65774	0.083710	0.043848	3.9148	0.31933;
103.00	26.000	0.68034	0.086153	0.045128	4.0794	0.32865;
104.00	26.000	0.69589	0.11438	0.059912	4.1926	0.43632;
105.00	26.000	0.66328	0.10080	0.052799	3.9551	0.38451;
106.00	26.000	0.68937	0.10189	0.053373	4.1451	0.38870;
107.00	25.000	0.68708	0.098218	0.051448	4.1284	0.37467;
108.00	25.000	0.69157	0.094155	0.049319	4.1612	0.35917;
109.00	25.000	0.68377	0.080296	0.042060	4.1044	0.30631;
110.00	25.000	0.67871	0.070295	0.036821	4.0675	0.26816;
111.00	24.000	0.69570	0.076353	0.039994	4.1913	0.29126;
112.00	24.000	0.67322	0.086337	0.045224	4.0275	0.32935;
113.00	24.000	0.66622	0.079790	0.041795	3.9765	0.30437;
114.00	24.000	0.67603	0.091184	0.047763	4.0480	0.34784;
115.00	24.000	0.69323	0.089791	0.047033	4.1732	0.34253;
116.00	24.000	0.68525	0.076353	0.039994	4.1151	0.29126;
117.00	24.000	0.66702	0.083538	0.043758	3.9824	0.31867;
118.00	24.000	0.68591	0.081414	0.042646	4.1200	0.31057;
119.00	24.000	0.66730	0.10083	0.052816	3.9844	0.38464;
120.00	24.000	0.68750	0.096460	0.050527	4.1315	0.36797;
121.00	24.000	0.70884	0.10426	0.054611	4.2869	0.39771;
122.00	24.000	0.72190	0.11166	0.058488	4.3821	0.42594;
123.00	23.000	0.73888	0.10286	0.053877	4.5057	0.39237;
124.00	24.000	0.78373	0.10953	0.057373	4.8324	0.41782;
125.00	24.000	0.81880	0.10229	0.053581	5.0877	0.39021;
126.00	24.000	0.83808	0.10793	0.056536	5.2281	0.41173;
127.00	24.000	0.85531	0.11474	0.060103	5.3536	0.43771;
128.00	25.000	0.82382	0.086886	0.045512	5.1243	0.33144;
129.00	25.000	0.84903	0.095100	0.049814	5.3079	0.36278;
130.00	25.000	0.83993	0.098366	0.051525	5.2416	0.37524;
131.00	25.000	0.80260	0.094909	0.049714	4.9697	0.36205;
132.00	25.000	0.82596	0.088132	0.046164	5.1399	0.33620;
133.00	25.000	0.83566	0.094486	0.049493	5.2105	0.36044;
134.00	25.000	0.82817	0.088030	0.046111	5.1560	0.33581;
135.00	25.000	0.83748	0.11276	0.059066	5.2238	0.43016;
136.00	23.000	0.91982	0.11170	0.058508	5.8234	0.42609;
137.00	23.000	0.91366	0.091491	0.047924	5.7785	0.34901;
138.00	22.000	0.99331	0.091224	0.047784	6.3586	0.34799;
139.00	21.000	1.0282	0.11580	0.060659	6.6130	0.44176;
